-0.00378609    0.138205
-0.00631332    0.138161
-0.00884056    0.138095
-0.0113392    0.138008
-0.0138474    0.137899
-0.0163555    0.137768
-0.0188446    0.137616
-0.0213051    0.137441
-0.0237751    0.137245
-0.026226    0.137028
-0.0286579    0.136788
-0.0310612    0.136527
-0.0334549    0.136245
-0.0358391    0.13594
-0.0381565    0.135616
-0.0405121    0.135268
-0.0428104    0.1349
-0.0450611    0.13451
-0.0473213    0.1341
-0.0495434    0.133668
-0.0517082    0.133216
-0.0538635    0.13274
-0.0559807    0.132246
-0.0580692    0.131728
-0.0601101    0.131194
-0.0620937    0.130634
-0.0640869    0.130058
-0.0660229    0.129458
-0.0678825    0.12884
-0.0697231    0.1282
-0.0715446    0.12754
-0.0732708    0.12686
-0.0749874    0.126162
-0.0766563    0.12544
-0.0782394    0.124702
-0.0798225    0.123942
-0.0813389    0.123162
-0.082798    0.122366
-0.0841808    0.121546
-0.0855446    0.12071
-0.0868607    0.119856
-0.0880814    0.118978
-0.0892925    0.118086
-0.0904083    0.117174
-0.0914955    0.116244
-0.0925064    0.115294
-0.0934696    0.114326
-0.0943565    0.113342
-0.0952148    0.112338
-0.0959969    0.111316
-0.0967121    0.11028
-0.0973797    0.109222
-0.0979614    0.108148
-0.0985146    0.10706
-0.0989723    0.105952
-0.0993729    0.104828
-0.0997448    0.103686
-0.100021    0.10253
-0.100231    0.101358
-0.100412    0.100168
-0.100498    0.098964
-0.100527    0.0977421
-0.100489    0.0965077
-0.100412    0.0952542
-0.100231    0.09399
-0.100021    0.0927079
-0.0997353    0.0914145
-0.0993919    0.090102
-0.0989723    0.0887775
-0.0985146    0.08744
-0.0979614    0.0860864
-0.0973606    0.084722
-0.0967121    0.0833416
-0.0959969    0.0819504
-0.0952148    0.0805455
-0.0943661    0.0791264
-0.0934792    0.0776958
-0.0924969    0.076254
-0.0914955    0.0748003
-0.0904083    0.0733316
-0.089283    0.071854
-0.0881004    0.0703639
-0.0868511    0.0688642
-0.0855541    0.0673521
-0.0841808    0.0658298
-0.0827885    0.0642961
-0.0813293    0.0627559
-0.079813    0.061202
-0.0782776    0.0596404
-0.0766373    0.058068
-0.0749874    0.0564861
-0.0732803    0.0548971
-0.0715256    0.0533009
-0.0697327    0.0516915
-0.0678921    0.0500762
-0.0660133    0.0484538
-0.0640583    0.0468242
-0.0621319    0.0451863
-0.0601006    0.04354
-0.0580597    0.0418878
-0.0559902    0.0402296
-0.0538731    0.0385642
-0.0517082    0.0368941
-0.0495338    0.0352156
-0.0473213    0.033536
-0.0450706    0.0318468
-0.0428104    0.030154
-0.040493    0.0284553
-0.0381756    0.0267541
-0.0358391    0.0250483
-0.0334549    0.0233376
-0.0310707    0.0216246
-0.0286484    0.0199056
-0.026226    0.0181866
-0.0237656    0.0164616
-0.0213146    0.0147378
-0.0188351    0.0130081
-0.016346    0.0112784
-0.0138569    0.00954509
-0.0113487    0.00781298
-0.00883102    0.00607729
-0.00631332    0.00434279
-0.00379562    0.00260592
-0.00125885    0.000867844
0.00126839    -0.000867844
0.00378609    -0.00260592
0.00632286    -0.00434279
0.00881195    -0.00607729
0.0113583    -0.00781298
0.0138569    -0.00954509
0.016346    -0.0112784
0.0188446    -0.0130081
0.0213051    -0.0147378
0.0237751    -0.0164616
0.0262165    -0.0181866
0.0286674    -0.0199056
0.0310516    -0.0216246
0.0334549    -0.0233376
0.0358391    -0.0250483
0.0381756    -0.0267541
0.040493    -0.0284553
0.0428104    -0.030154
0.0450802    -0.0318468
0.0473213    -0.033536
0.0495148    -0.0352156
0.0517464    -0.0368941
0.0538635    -0.0385642
0.0559711    -0.0402296
0.0580597    -0.0418878
0.0601006    -0.04354
0.0621033    -0.0451863
0.0640869    -0.0468242
0.0660038    -0.0484538
0.0679016    -0.0500762
0.0697327    -0.0516915
0.071516    -0.0533009
0.0732899    -0.0548971
0.0749779    -0.0564861
0.0766468    -0.058068
0.0782681    -0.0596404
0.079813    -0.061202
0.0813389    -0.0627559
0.0827789    -0.0642961
0.0841904    -0.0658298
0.0855732    -0.0673521
0.086832    -0.0688642
0.0880909    -0.0703639
0.0893021    -0.071854
0.0903988    -0.0733316
0.0914955    -0.0748003
0.0925159    -0.076254
0.0934505    -0.0776958
0.0943947    -0.0791264
0.0951862    -0.0805455
0.0960159    -0.0819504
0.0966835    -0.0833416
0.0973797    -0.084722
0.0979614    -0.0860864
0.098505    -0.08744
0.0989914    -0.0887775
0.0993824    -0.090102
0.0997257    -0.0914145
0.100021    -0.0927079
0.100241    -0.09399
0.100403    -0.0952542
0.100498    -0.0965077
0.100536    -0.0977421
0.100489    -0.098964
0.100403    -0.100168
0.100241    -0.101358
0.100031    -0.10253
0.0997353    -0.103686
0.0993919    -0.104828
0.0989723    -0.105952
0.0984955    -0.10706
0.0979805    -0.108148
0.0973511    -0.109222
0.0967312    -0.11028
0.0959778    -0.111316
0.0952148    -0.112338
0.0943661    -0.113342
0.0934792    -0.114326
0.0924969    -0.115294
0.0914955    -0.116244
0.0904083    -0.117174
0.0892925    -0.118086
0.0880909    -0.118978
0.0868416    -0.119856
0.0855637    -0.12071
0.0841904    -0.121546
0.0827789    -0.122366
0.0813293    -0.123162
0.0798225    -0.123942
0.078249    -0.124702
0.0766563    -0.12544
0.0749874    -0.126162
0.0732803    -0.12686
0.0715351    -0.12754
0.0697327    -0.1282
0.0679016    -0.12884
0.0659943    -0.129458
0.0640678    -0.130058
0.0621223    -0.130634
0.0601006    -0.131194
0.0580692    -0.131728
0.0559902    -0.132246
0.053854    -0.13274
0.0517082    -0.133216
0.0495338    -0.133668
0.0473309    -0.1341
0.0450802    -0.13451
0.0427914    -0.1349
0.0405216    -0.135268
0.0381565    -0.135616
0.0358295    -0.13594
0.0334549    -0.136245
0.0310612    -0.136527
0.0286674    -0.136788
0.0262165    -0.137028
0.0237846    -0.137245
0.0213051    -0.137441
0.0188446    -0.137616
0.0163364    -0.137768
0.0138474    -0.137899
0.0113678    -0.138008
0.00881195    -0.138095
0.00631332    -0.138161
0.00378609    -0.138205
0.00125885    -0.138226
-0.00123978    -0.138226
-0.00379562    -0.138205
-0.00631332    -0.138161
-0.00883102    -0.138095
-0.0113392    -0.138008
-0.013876    -0.137899
-0.0163269    -0.137768
-0.0188541    -0.137616
-0.0213051    -0.137441
-0.0237656    -0.137245
-0.026226    -0.137028
-0.0286674    -0.136788
-0.0310612    -0.136527
-0.0334549    -0.136245
-0.03582    -0.13594
-0.0381851    -0.135616
-0.040493    -0.135268
-0.04282    -0.1349
-0.0450611    -0.13451
-0.0473213    -0.1341
-0.0495434    -0.133668
-0.0517082    -0.133216
-0.0538731    -0.13274
-0.0559616    -0.132246
-0.0580883    -0.131728
-0.060091    -0.131194
-0.0621223    -0.130634
-0.0640774    -0.130058
-0.0660038    -0.129458
-0.0678825    -0.12884
-0.0697231    -0.1282
-0.0715446    -0.12754
-0.0732899    -0.12686
-0.0749779    -0.126162
-0.0766468    -0.12544
-0.0782681    -0.124702
-0.0798035    -0.123942
-0.0813293    -0.123162
-0.082798    -0.122366
-0.0841808    -0.121546
-0.0855637    -0.12071
-0.0868225    -0.119856
-0.08811    -0.118978
-0.0893021    -0.118086
-0.0904083    -0.117174
-0.091486    -0.116244
-0.0925064    -0.115294
-0.0934696    -0.114326
-0.0943756    -0.113342
-0.0952053    -0.112338
-0.0959969    -0.111316
-0.0967121    -0.11028
-0.0973701    -0.109222
-0.0979519    -0.108148
-0.0985146    -0.10706
-0.0989628    -0.105952
-0.0993919    -0.104828
-0.0997353    -0.103686
-0.100012    -0.10253
-0.100269    -0.101358
-0.100393    -0.100168
-0.100498    -0.098964
-0.100517    -0.0977421
-0.100517    -0.0965077
-0.100374    -0.0952542
-0.100241    -0.09399
-0.100031    -0.0927079
-0.0997353    -0.0914145
-0.0993824    -0.090102
-0.0990009    -0.0887775
-0.0984859    -0.08744
-0.0979805    -0.0860864
-0.0973701    -0.084722
-0.096693    -0.0833416
-0.0960064    -0.0819504
-0.0952148    -0.0805455
-0.0943565    -0.0791264
-0.0934601    -0.0776958
-0.0925064    -0.076254
-0.0915146    -0.0748003
-0.0904083    -0.0733316
-0.089283    -0.071854
-0.0881004    -0.0703639
-0.0868416    -0.0688642
-0.0855541    -0.0673521
-0.0841904    -0.0658298
-0.0827789    -0.0642961
-0.0813389    -0.0627559
-0.0798225    -0.061202
-0.078249    -0.0596404
-0.0766468    -0.058068
-0.0749874    -0.0564861
-0.0732803    -0.0548971
-0.0715351    -0.0533009
-0.0697327    -0.0516915
-0.0678825    -0.0500762
-0.0660133    -0.0484538
-0.0640678    -0.0468242
-0.0621223    -0.0451863
-0.0601196    -0.04354
-0.0580406    -0.0418878
-0.0559998    -0.0402296
-0.053854    -0.0385642
-0.0517178    -0.0368941
-0.0495243    -0.0352156
-0.0473213    -0.033536
-0.0450897    -0.0318468
-0.0427818    -0.030154
-0.0405025    -0.0284553
-0.0381947    -0.0267541
-0.03582    -0.0250483
-0.0334644    -0.0233376
-0.0310612    -0.0216246
-0.0286579    -0.0199056
-0.0262165    -0.0181866
-0.0237846    -0.0164616
-0.0212955    -0.0147378
-0.0188541    -0.0130081
-0.016346    -0.0112784
-0.0138474    -0.00954509
-0.0113583    -0.00781298
-0.00881195    -0.00607729
-0.00630379    -0.00434279
-0.0038147    -0.00260592
-0.00125885    -0.000867844
0.00126839    0.000867844
0.00378609    0.00260592
0.00632286    0.00434279
0.00882149    0.00607729
0.0113392    0.00781298
0.0138664    0.00954509
0.016346    0.0112784
0.0188446    0.0130081
0.0213051    0.0147378
0.0237751    0.0164616
0.0262356    0.0181866
0.0286388    0.0199056
0.0310612    0.0216246
0.0334644    0.0233376
0.0358295    0.0250483
0.0381756    0.0267541
0.0405025    0.0284553
0.0427914    0.030154
0.0450802    0.0318468
0.0473118    0.033536
0.0495338    0.0352156
0.0517178    0.0368941
0.0538826    0.0385642
0.0559807    0.0402296
0.0580597    0.0418878
0.0601101    0.04354
0.0621033    0.0451863
0.0640774    0.0468242
0.0660229    0.0484538
0.0678921    0.0500762
0.0697136    0.0516915
0.0715256    0.0533009
0.0732994    0.0548971
0.0749779    0.0564861
0.0766468    0.058068
0.078249    0.0596404
0.0798321    0.061202
0.0813293    0.0627559
0.0827789    0.0642961
0.0841999    0.0658298
0.0855541    0.0673521
0.0868416    0.0688642
0.0881004    0.0703639
0.089283    0.071854
0.0904179    0.0733316
0.091486    0.0748003
0.0925159    0.076254
0.0934601    0.0776958
0.0943661    0.0791264
0.0952148    0.0805455
0.0959969    0.0819504
0.0967026    0.0833416
0.0973606    0.084722
0.097971    0.0860864
0.098505    0.08744
0.0989819    0.0887775
0.0993824    0.090102
0.0997543    0.0914145
0.100002    0.0927079
0.10026    0.09399
0.100384    0.0952542
0.100517    0.0965077
0.100517    0.0977421
0.100498    0.098964
0.100403    0.100168
0.100231    0.101358
0.100031    0.10253
0.0997257    0.103686
0.0993919    0.104828
0.0989723    0.105952
0.098505    0.10706
0.0979614    0.108148
0.0973797    0.109222
0.0967121    0.11028
0.0959873    0.111316
0.0952053    0.112338
0.0943756    0.113342
0.0934696    0.114326
0.0925064    0.115294
0.091486    0.116244
0.0904274    0.117174
0.0892735    0.118086
0.0881004    0.118978
0.0868416    0.119856
0.0855541    0.12071
0.0842094    0.121546
0.0827694    0.122366
0.0813293    0.123162
0.079813    0.123942
0.0782585    0.124702
0.0766563    0.12544
0.0749874    0.126162
0.0732803    0.12686
0.0715351    0.12754
0.0697327    0.1282
0.0679016    0.12884
0.0659943    0.129458
0.0640869    0.130058
0.0621033    0.130634
0.0601101    0.131194
0.0580692    0.131728
0.0559616    0.132246
0.0538731    0.13274
0.0517178    0.133216
0.0495243    0.133668
0.0473404    0.1341
0.0450706    0.13451
0.0428009    0.1349
0.040493    0.135268
0.0381851    0.135616
0.0358295    0.13594
0.0334454    0.136245
0.0310707    0.136527
0.0286579    0.136788
0.0262165    0.137028
0.0237846    0.137245
0.0213146    0.137441
0.0188255    0.137616
0.0163651    0.137768
0.0138283    0.137899
0.0113487    0.138008
0.00884056    0.138095
0.00632286    0.138161
0.00378609    0.138205
0.00124931    0.138226
